RECO_VH_MET_Tag1 chi2 
0.635307 0
0.971 0.0655846
1.073 0.140324
1.175 0.23183
1.277 0.339294
1.379 0.461565
1.481 0.598006
1.583 0.747755
1.685 0.9155
1.787 1.08978
1.889 1.27535
1.991 1.47169
2.093 1.67824
2.195 1.89451
2.297 2.12006
2.399 2.35445
2.501 2.5556
2.603 2.75748
2.705 2.97392
2.807 3.19897
2.909 3.43224
3.011 3.67339
3.113 3.922
3.215 4.1779
3.317 4.44071
3.419 4.71019
3.521 4.98602
3.623 5.26804
3.725 5.55596
3.827 5.84959
3.929 6.14864
4.031 6.45304
4.133 6.76255
4.235 7.07698
4.337 7.39617
4.439 7.71996
4.541 8.05239
4.643 8.38495
4.745 8.72168
4.847 9.06243
4.949 9.40709
0.665 -0.0459283
0.563 -0.0352544
0.767 -0.0287337
0.869 0.00878877
